0 0.1 0.2 0.3 0.4 0.5 0.6 0.7 0.8 0.9 1 1.1 1.2 1.3 1.4 1.5 1.6 1.7 1.8 1.9 
0.1 0.141421 0.223607 0.316228 0.412311 0.509902 0.608276 0.707107 0.806226 0.905539 1.00499 1.10454 1.20416 1.30384 1.40357 1.50333 1.60312 1.70294 1.80278 1.90263 
0.2 0.223607 0.282843 0.360555 0.447214 0.538516 0.632456 0.728011 0.824621 0.921954 1.0198 1.11803 1.21655 1.31529 1.41421 1.51327 1.61245 1.71172 1.81108 1.9105 
0.3 0.316228 0.360555 0.424264 0.5 0.583095 0.67082 0.761577 0.8544 0.948683 1.04403 1.14018 1.23693 1.33417 1.43178 1.52971 1.62788 1.72627 1.82483 1.92354 
0.4 0.412311 0.447214 0.5 0.565685 0.640312 0.72111 0.806226 0.894427 0.984886 1.07703 1.17047 1.26491 1.36015 1.45602 1.55242 1.64924 1.74642 1.84391 1.94165 
0.5 0.509902 0.538516 0.583095 0.640312 0.707107 0.781025 0.860233 0.943398 1.02956 1.11803 1.2083 1.3 1.39284 1.48661 1.58114 1.67631 1.772 1.86815 1.96469 
0.6 0.608276 0.632456 0.67082 0.72111 0.781025 0.848528 0.921954 1 1.08167 1.16619 1.253 1.34164 1.43178 1.52315 1.61555 1.7088 1.80278 1.89737 1.99249 
0.7 0.707107 0.728011 0.761577 0.806226 0.860233 0.921954 0.989949 1.06301 1.14018 1.22066 1.30384 1.38924 1.47648 1.56525 1.65529 1.74642 1.83848 1.93132 2.02485 
0.8 0.806226 0.824621 0.8544 0.894427 0.943398 1 1.06301 1.13137 1.20416 1.28062 1.36015 1.44222 1.52643 1.61245 1.7 1.78885 1.87883 1.96977 2.06155 
0.9 0.905539 0.921954 0.948683 0.984886 1.02956 1.08167 1.14018 1.20416 1.27279 1.34536 1.42127 1.5 1.58114 1.66433 1.74929 1.83576 1.92354 2.01246 2.10238 
1 1.00499 1.0198 1.04403 1.07703 1.11803 1.16619 1.22066 1.28062 1.34536 1.41421 1.48661 1.56205 1.64012 1.72047 1.80278 1.8868 1.97231 2.05913 2.14709 
1.1 1.10454 1.11803 1.14018 1.17047 1.2083 1.253 1.30384 1.36015 1.42127 1.48661 1.55563 1.62788 1.70294 1.78045 1.86011 1.94165 2.02485 2.1095 2.19545 
1.2 1.20416 1.21655 1.23693 1.26491 1.3 1.34164 1.38924 1.44222 1.5 1.56205 1.62788 1.69706 1.76918 1.84391 1.92094 2 2.08087 2.16333 2.24722 
1.3 1.30384 1.31529 1.33417 1.36015 1.39284 1.43178 1.47648 1.52643 1.58114 1.64012 1.70294 1.76918 1.83848 1.9105 1.98494 2.06155 2.14009 2.22036 2.30217 
1.4 1.40357 1.41421 1.43178 1.45602 1.48661 1.52315 1.56525 1.61245 1.66433 1.72047 1.78045 1.84391 1.9105 1.9799 2.05183 2.12603 2.20227 2.28035 2.36008 
1.5 1.50333 1.51327 1.52971 1.55242 1.58114 1.61555 1.65529 1.7 1.74929 1.80278 1.86011 1.92094 1.98494 2.05183 2.12132 2.19317 2.26716 2.34307 2.42074 
1.6 1.60312 1.61245 1.62788 1.64924 1.67631 1.7088 1.74642 1.78885 1.83576 1.8868 1.94165 2 2.06155 2.12603 2.19317 2.26274 2.33452 2.40832 2.48395 
1.7 1.70294 1.71172 1.72627 1.74642 1.772 1.80278 1.83848 1.87883 1.92354 1.97231 2.02485 2.08087 2.14009 2.20227 2.26716 2.33452 2.40416 2.47588 2.54951 
1.8 1.80278 1.81108 1.82483 1.84391 1.86815 1.89737 1.93132 1.96977 2.01246 2.05913 2.1095 2.16333 2.22036 2.28035 2.34307 2.40832 2.47588 2.54558 2.61725 
1.9 1.90263 1.9105 1.92354 1.94165 1.96469 1.99249 2.02485 2.06155 2.10238 2.14709 2.19545 2.24722 2.30217 2.36008 2.42074 2.48395 2.54951 2.61725 2.68701 
